image: I_Map.pgm
resolution: 0.050000
origin: [-5.000000, -12.400000, 0.000000]
negate: 0
occupied_thresh: 0.65
free_thresh: 0.196

